   0.00000000e+00	   0.00000000e+00
   1.00671141e-01	   0.00000000e+00
   2.01342282e-01	   0.00000000e+00
   3.02013423e-01	   0.00000000e+00
   4.02684564e-01	   0.00000000e+00
   5.03355705e-01	   0.00000000e+00
   6.04026846e-01	   0.00000000e+00
   7.04697987e-01	   0.00000000e+00
   8.05369128e-01	   0.00000000e+00
   9.06040268e-01	   0.00000000e+00
   1.00671141e+00	   0.00000000e+00
   1.10738255e+00	   0.00000000e+00
   1.20805369e+00	   0.00000000e+00
   1.30872483e+00	   0.00000000e+00
   1.40939597e+00	   0.00000000e+00
   1.51006711e+00	   0.00000000e+00
   1.61073826e+00	   0.00000000e+00
   1.71140940e+00	   0.00000000e+00
   1.81208054e+00	   0.00000000e+00
   1.91275168e+00	   0.00000000e+00
   2.01342282e+00	   0.00000000e+00
   2.11409396e+00	   0.00000000e+00
   2.21476510e+00	   0.00000000e+00
   2.31543624e+00	   0.00000000e+00
   2.41610738e+00	   0.00000000e+00
   2.51677852e+00	   0.00000000e+00
   2.61744966e+00	   0.00000000e+00
   2.71812081e+00	   0.00000000e+00
   2.81879195e+00	   0.00000000e+00
   2.91946309e+00	   0.00000000e+00
   3.02013423e+00	   0.00000000e+00
   3.12080537e+00	   0.00000000e+00
   3.22147651e+00	   0.00000000e+00
   3.32214765e+00	   0.00000000e+00
   3.42281879e+00	   0.00000000e+00
   3.52348993e+00	   0.00000000e+00
   3.62416107e+00	   0.00000000e+00
   3.72483221e+00	   0.00000000e+00
   3.82550336e+00	   0.00000000e+00
   3.92617450e+00	   0.00000000e+00
   4.02684564e+00	   0.00000000e+00
   4.12751678e+00	   0.00000000e+00
   4.22818792e+00	   0.00000000e+00
   4.32885906e+00	   0.00000000e+00
   4.42953020e+00	   0.00000000e+00
   4.53020134e+00	   0.00000000e+00
   4.63087248e+00	   0.00000000e+00
   4.73154362e+00	   0.00000000e+00
   4.83221477e+00	   0.00000000e+00
   4.93288591e+00	   0.00000000e+00
   5.03355705e+00	   0.00000000e+00
   5.13422819e+00	   0.00000000e+00
   5.23489933e+00	   0.00000000e+00
   5.33557047e+00	   0.00000000e+00
   5.43624161e+00	   0.00000000e+00
   5.53691275e+00	   0.00000000e+00
   5.63758389e+00	   0.00000000e+00
   5.73825503e+00	   0.00000000e+00
   5.83892617e+00	   0.00000000e+00
   5.93959732e+00	   0.00000000e+00
   6.04026846e+00	   0.00000000e+00
   6.14093960e+00	   0.00000000e+00
   6.24161074e+00	   0.00000000e+00
   6.34228188e+00	   0.00000000e+00
   6.44295302e+00	   0.00000000e+00
   6.54362416e+00	   0.00000000e+00
   6.64429530e+00	   0.00000000e+00
   6.74496644e+00	   0.00000000e+00
   6.84563758e+00	   0.00000000e+00
   6.94630872e+00	   0.00000000e+00
   7.04697987e+00	   0.00000000e+00
   7.14765101e+00	   0.00000000e+00
   7.24832215e+00	   0.00000000e+00
   7.34899329e+00	   0.00000000e+00
   7.44966443e+00	   0.00000000e+00
   7.55033557e+00	   0.00000000e+00
   7.65100671e+00	   0.00000000e+00
   7.75167785e+00	   0.00000000e+00
   7.85234899e+00	   0.00000000e+00
   7.95302013e+00	   0.00000000e+00
   8.05369128e+00	   0.00000000e+00
   8.15436242e+00	   0.00000000e+00
   8.25503356e+00	   0.00000000e+00
   8.35570470e+00	   0.00000000e+00
   8.45637584e+00	   0.00000000e+00
   8.55704698e+00	   0.00000000e+00
   8.65771812e+00	   0.00000000e+00
   8.75838926e+00	   0.00000000e+00
   8.85906040e+00	   0.00000000e+00
   8.95973154e+00	   0.00000000e+00
   9.06040268e+00	   0.00000000e+00
   9.16107383e+00	   0.00000000e+00
   9.26174497e+00	   0.00000000e+00
   9.36241611e+00	   0.00000000e+00
   9.46308725e+00	   0.00000000e+00
   9.56375839e+00	   0.00000000e+00
   9.66442953e+00	   0.00000000e+00
   9.76510067e+00	   0.00000000e+00
   9.86577181e+00	   0.00000000e+00
   9.96644295e+00	   0.00000000e+00
   1.00671141e+01	   0.00000000e+00
   1.01677852e+01	   0.00000000e+00
   1.02684564e+01	   0.00000000e+00
   1.03691275e+01	   0.00000000e+00
   1.04697987e+01	   0.00000000e+00
   1.05704698e+01	   0.00000000e+00
   1.06711409e+01	   0.00000000e+00
   1.07718121e+01	   0.00000000e+00
   1.08724832e+01	   0.00000000e+00
   1.09731544e+01	   0.00000000e+00
   1.10738255e+01	   0.00000000e+00
   1.11744966e+01	   0.00000000e+00
   1.12751678e+01	   0.00000000e+00
   1.13758389e+01	   0.00000000e+00
   1.14765101e+01	   0.00000000e+00
   1.15771812e+01	   0.00000000e+00
   1.16778523e+01	   0.00000000e+00
   1.17785235e+01	   0.00000000e+00
   1.18791946e+01	   0.00000000e+00
   1.19798658e+01	   0.00000000e+00
   1.20805369e+01	   0.00000000e+00
   1.21812081e+01	   0.00000000e+00
   1.22818792e+01	   0.00000000e+00
   1.23825503e+01	   0.00000000e+00
   1.24832215e+01	   0.00000000e+00
   1.25838926e+01	   0.00000000e+00
   1.26845638e+01	   0.00000000e+00
   1.27852349e+01	   0.00000000e+00
   1.28859060e+01	   0.00000000e+00
   1.29865772e+01	   0.00000000e+00
   1.30872483e+01	   0.00000000e+00
   1.31879195e+01	   0.00000000e+00
   1.32885906e+01	   0.00000000e+00
   1.33892617e+01	   0.00000000e+00
   1.34899329e+01	   0.00000000e+00
   1.35906040e+01	   0.00000000e+00
   1.36912752e+01	   0.00000000e+00
   1.37919463e+01	   0.00000000e+00
   1.38926174e+01	   0.00000000e+00
   1.39932886e+01	   0.00000000e+00
   1.40939597e+01	   0.00000000e+00
   1.41946309e+01	   0.00000000e+00
   1.42953020e+01	   0.00000000e+00
   1.43959732e+01	   0.00000000e+00
   1.44966443e+01	   0.00000000e+00
   1.45973154e+01	   0.00000000e+00
   1.46979866e+01	   0.00000000e+00
   1.47986577e+01	   0.00000000e+00
   1.48993289e+01	   0.00000000e+00
   1.50000000e+01	   0.00000000e+00
